5.873124536 -1.889727015 -0.5026121969 -1.510984794 2.098156865 0.2187727263 -0.3723175514 0.7791844526 -1.322358158 2.340829827 -1.163187301 1.149812366 2.134504909 0.9397679995 0.8324248195
-1.889727015 6.616418391 1.35892927 -1.482676318 1.869071058 -2.177207247 0.1041118887 2.170804701 -0.7880049308 0.9013994115 1.486686272 -3.69699363 2.876434349 2.546994629 0.5561826144 
-0.5026121969 1.35892927 7.663917677 0.9179027245 2.68737408 -1.430152814 -0.2020556171 1.089859648 3.054250874 -1.003525251 -2.220041065 -0.5928769925 0.06489254211 0.794810939 -0.02579424222 
-1.510984794 -1.482676318 0.9179027245 2.874531479 -1.109362059 0.9106072999 3.031260156 -2.177962253 -0.3168897509 -1.584873222 -3.291950895 3.253141293 -0.9027980246 0.6690578783 2.970603927 
2.098156865 1.869071058 2.68737408 -1.109362059 1.431894542 -0.7801895314 -0.1318588978 0.2976515362 1.089657685 2.950194642 -0.9775882855 -2.045943989 -1.408069408 -2.419873492 2.133838013 
0.2187727263 -2.177207247 -1.430152814 0.9106072999 -0.7801895314 4.779394373 -1.97023459 3.757286572 -0.1194398713 2.080224638 -2.320858287 1.538814464 -0.1786156428 2.397998282 0.07751609787 
-0.3723175514 0.1041118887 -0.2020556171 3.031260156 -0.1318588978 -1.97023459 7.441289256 0.5276894657 1.9519162 -0.6563393019 2.358882664 1.754909169 4.792537908 -4.06260041 1.134693328 
0.7791844526 2.170804701 1.089859648 -2.177962253 0.2976515362 3.757286572 0.5276894657 7.666120238 -1.253246597 -0.06305715813 -0.6115597361 0.9201830034 1.249434946 -1.350262622 -2.541208281 
-1.322358158 -0.7880049308 3.054250874 -0.3168897509 1.089657685 -0.1194398713 1.9519162 -1.253246597 3.570082572 0.3988858044 -1.978143387 0.08357316728 1.211056294 -0.6522223122 -0.6183370216 
2.340829827 0.9013994115 -1.003525251 -1.584873222 2.950194642 2.080224638 -0.6563393019 -0.06305715813 0.3988858044 2.621266082 -2.076999947 -3.543726599 -0.3775810518 -2.517029267 0.2385662143 
-1.163187301 1.486686272 -2.220041065 -3.291950895 -0.9775882855 -2.320858287 2.358882664 -0.6115597361 -1.978143387 -2.076999947 4.592982142 -0.27424426 -1.053862086 2.9546039 -2.366730603 
1.149812366 -3.69699363 -0.5928769925 3.253141293 -2.045943989 1.538814464 1.754909169 0.9201830034 0.08357316728 -3.543726599 -0.27424426 0.9192860229 1.386819275 2.102209628 0.8488006073 
2.134504909 2.876434349 0.06489254211 -0.9027980246 -1.408069408 -0.1786156428 4.792537908 1.249434946 1.211056294 -0.3775810518 -1.053862086 1.386819275 5.463580032 -0.2734258532 -1.27360916 
0.9397679995 2.546994629 0.794810939 0.6690578783 -2.419873492 2.397998282 -4.06260041 -1.350262622 -0.6522223122 -2.517029267 2.9546039 2.102209628 -0.2734258532 6.400008882 0.1142855663 
0.8324248195 0.5561826144 -0.02579424222 2.970603927 2.133838013 0.07751609787 1.134693328 -2.541208281 -0.6183370216 0.2385662143 -2.366730603 0.8488006073 -1.27360916 0.1142855663 7.086103775 